              precision    recall  f1-score   support

         0.0       0.88      0.83      0.85       127
         1.0       0.75      0.74      0.74        69
         2.0       0.78      0.83      0.80        81
         3.0       0.72      0.72      0.72        46
         4.0       0.59      0.66      0.63        71
         5.0       0.83      0.76      0.79        79
         6.0       0.90      0.92      0.91        62

    accuracy                           0.79       535
   macro avg       0.78      0.78      0.78       535
weighted avg       0.79      0.79      0.79       535
